142465404 18722 801
53336799
21691211
60919909
82315396
28584791
131034189
60359884
113140085
38353208
74227421
128130638
106909581
45345930
7321932
114709359
31918091
136877842
39732632
93463624
71531163
91301303
3977552
50917755
79997753
70975845
47798143
65446548
7495646
70316504
123803055
93311482
1470195
59505719
111544803
28209847
28289283
130999538
139529929
78714655
65958582
5217560
79277276
79632240
58753814
114871039
100796407
133228218
2918264
119608999
8455315
91811903
126830526
101516184
36522149
54605408
57942385
14821670
126548035
22327476
64460513
92431714
46498079
77470164
102490979
83938813
101718475
2663224
117304223
120339927
82691883
89857805
101361568
33401642
87100579
104971668
70573088
114967537
140155892
24623092
88377431
15356047
48578009
48166845
79174238
43262078
57986355
114384641
49323370
38024401
98716483
67257587
27898440
57156081
108002447
38222709
94331632
44237839
37989915
69382125
106376121
6685583
96630258
132658417
107552542
61187301
77018555
142318766
17101580
113896991
106875745
14631162
141722250
39773211
71449011
113311781
37340912
66417333
82254269
126609759
3553066
93202262
79446647
120818892
141767395
138104565
33644172
134836393
1983989
29994370
52248454
91409377
57585955
67515893
22146085
80236052
21180629
68415247
76320066
63551088
18314539
139432984
8819342
72251345
40090368
48504300
26659195
69784664
40447560
32350226
130393289
92364755
12834262
107363499
99645483
6811079
17675499
123617868
132919729
47115809
81024065
79327989
36955616
129866453
75108402
33547964
118252213
23802723
81766615
137778506
115729490
100833300
63418299
31883924
69660942
35591312
22884932
18637661
46184234
135884839
7768719
68156529
82766421
48456058
64740910
126676808
29414461
5247398
65221979
105696652
137354766
47622459
123906108
84445524
110338802
100655382
67801654
113119809
23978375
12977649
133094548
90030054
28366615
10887923
59746793
122226150
61749885
55675320
42266812
53977571
9977148
87245786
5272185
131115027
123717357
95313611
83018184
100203593
36436261
18433770
17227750
77167488
52433302
87632626
19806550
38781458
62055094
140740276
119677831
34664536
52548275
34485241
77898998
126491674
89294360
19579427
75879355
96064361
124601149
41819616
55235090
42938462
32997579
14792864
54304091
431709
53742813
62794895
42983678
51318992
47023538
94394156
133931221
54028180
101274708
104361851
64590036
8335552
142369295
126984519
82347456
9511231
130956839
124870259
30445754
18727537
25491897
2862661
62180658
76806116
9937960
137915819
106319841
100503223
30676813
59137099
91891540
44149283
79013026
54115491
66441433
94247323
34227998
126021238
114555949
84199206
122299742
105476905
111235008
30150300
138959345
54756540
115923174
67277974
54894522
120792639
120106573
104661428
130881736
125886603
4903893
79541325
52653122
1393548
292996
129255471
29298906
63125361
59302779
43435349
116217677
125478575
64665974
78137443
10226302
134163489
65558958
125454360
26950195
92136486
49748503
24403926
128291118
66655476
21485326
12741577
61225107
118698178
132591817
48250095
121556988
17063830
36180464
57503973
79476266
92316225
50173147
128038519
127556490
62538988
33494337
89475040
119944138
114134888
140274564
34867815
118062778
25970018
92590442
48423827
44762694
125856039
12774349
25366249
50108391
44922774
19059544
60596379
27382876
56432625
8958779
100573683
127059561
24959513
39643320
95546710
109548735
81067997
15412669
52591172
28011113
83997259
18603409
26884879
32135160
23711590
119514880
123046517
118529395
1165202
96245834
37546074
120858056
24468249
74373540
69760148
48943346
97307769
72090118
59607684
66354311
14431123
1867231
60466819
88120941
86012003
126241237
114745513
5771766
116594132
56468602
76215127
141261203
102432837
5875294
83851464
83615389
115872462
55322274
87526977
139748350
105995413
69035962
87316167
65006928
103383372
29874641
2378029
102562181
69717359
60192527
26306860
10570068
81876539
10807481
605942
5633429
128665298
109653116
71250113
22791452
81414391
40832633
31548495
54942708
136186177
52074598
119476948
137146731
57051573
30236395
109788707
95643110
101320329
74721590
1560740
57853464
103897887
49448256
45234507
107162738
126068532
95009459
52039099
10316761
96817593
129027343
59653548
75999811
7978493
68853700
25191221
82999247
80834881
42890618
45828711
41338628
15023606
129904641
95698075
38816284
131333695
20542593
81809594
5384228
43400493
16843151
9195342
54077481
29162363
9619627
7586147
132454324
74917277
23047466
35162607
139968900
130123679
96496967
121734987
14256603
63228454
60945156
119095617
87886778
97347999
95250702
52674183
96531831
116252757
136064924
114471012
33277077
107143122
134395974
26407533
14338956
70699276
80269069
24928316
49943296
44416888
130372601
83971224
54993497
53563053
132898816
44308996
76444054
108558836
27014783
108700688
44814619
90666915
94781309
61167845
107026139
15081136
135680099
137717103
8766284
114829066
12299362
124444105
2020086
47661206
51140152
80317901
128640802
30363656
126331537
22446907
105184218
85232744
46588044
84394473
55744379
84091766
135300331
128536430
136435869
109311533
79756320
13164255
78526129
30554480
129541636
125341355
84993574
46223279
18056637
133500919
135975431
104261953
116923752
116956567
111945499
52958012
25853219
19771180
46842765
71198083
10067461
53768198
65938092
132494203
111848620
14720822
98599710
132686782
54185618
84490925
100696140
36033657
77254338
127123165
37457077
66988517
17873096
92547047
61954629
108980758
51246812
16798503
69577404
6270052
108832154
60059837
61333733
136384644
29896996
58703345
63488604
118971317
11624674
122827405
78823607
122123362
122534270
21789363
124961482
11379138
137403815
43620971
20862736
92796050
116066578
36592581
139815182
67938338
4505915
88666485
78975203
5023376
59398902
101779682
125371433
33041902
57032020
71002644
52864667
128737773
119243131
82739453
16266276
1693100
58501661
131269925
11018224
119795789
86906753
56695991
127897125
44543555
82642337
130680785
48738170
138216006
59007714
43141980
112417095
22121310
7698508
105024116
3160145
120134477
59878095
35301325
29674289
96197698
72032410
85799299
141429096
50532407
117843824
130312469
11449083
121886282
110050540
110499047
34935144
109732382
97126135
100156715
91595873
98835526
45262653
41902601
136328393
77941720
59160193
45469114
106179646
78650609
34631261
103124651
49838471
102932809
17583747
42831085
113368608
88276189
89153533
9567535
67014328
137604535
96711763
13773856
96593650
29247587
116445675
28709269
121663913
45716517
39556032
14748969
4724537
83532259
101920731
142022665
51097067
37506767
104434083
125789428
119003056
130069559
58394906
93734398
140402305
77852317
58257095
118948392
19448903
46321425
18254910
73850456
18178128
122661936
25706494
71063758
126146020
124567497
1144484
783204
32776109
77719338
87478659
95957105
10637318
94880634
20787808
11900261
16663959
47429681
108955120
75764426
66681084
8544185
36282745
121852452
39186715
118669142
60103159
132864324
96904306
49070061
142228244
127266388
95843243
4245052
56534413
50703383
85882544
92110084
71499608
52168319
89793956
20764215
99940755
90209992
47849548
104462423
18701845
51699774
41554669
32967481
24281780
124543532
43529617
123410524
16763946
136455512
91252654
35194817
25757641
109992481
5558152
121600236
76483699
26855824
79906582
11172605
14015323
117529383
9735301
27625598
63914255
1647212
32217574
46134042
96991808
38597067
