841911516 567629 1134
555670583
39122232
804912590
560769417
828220108
340750173
816168723
499167892
801976443
750419095
88768131
158975146
779592764
498005791
260329918
589497875
432048972
316740471
256432692
108667493
657350316
294901782
291879321
801379063
467509329
68511776
511389788
358067871
778053602
69865947
799498730
357252502
613635525
222418657
419751959
463536882
596832833
135842829
119740811
514073377
76840667
568162816
336709961
401833569
769366249
534932826
705772697
532022135
303428142
131753739
687141663
496414308
366138409
399736862
406956357
54907563
209498222
520796514
107876719
110404661
541557813
570184297
529137548
739469319
469468567
350107397
362240647
385068350
308917329
144742590
671262476
508339667
485506930
56297911
45684976
424985172
451349726
452377026
232267849
675264323
110977522
755406186
168157117
527640144
580862838
795918224
38484793
203116692
391269790
634261176
599130093
28313803
109494280
697061531
530076854
364405021
316027260
270597750
193334664
815237074
286901847
1843691
705074685
146340135
577780978
618246350
305452405
311248398
656562520
230911723
784954909
122160650
12900450
626649372
282910345
104519584
163100843
49942158
31144925
226718345
398299502
365135972
582916170
276552861
347836047
10648390
673238291
144112475
288731211
30282346
805537209
116088313
288104927
8316886
646502714
37860425
9008828
161302335
510536664
571707535
208279274
78742231
127799254
299843692
236553412
265201259
796493853
625944184
502160979
353727884
153809906
482748686
182427769
714830426
718481747
412020513
494258133
641402336
588112275
631270202
677057768
422961259
684598420
23172973
439965235
505116849
183725740
611038598
598245122
441602260
519002481
559104403
20581393
273276710
775731671
44468000
455011866
165529316
841148880
556672540
838226468
758052597
612991975
774636245
287507193
602182797
328195813
702537839
819067573
362812572
475843553
347249947
437878261
94106616
502943934
126419352
661751253
374492851
558520712
559823482
625295538
321219640
438536092
753944803
290462766
523516382
53327449
235818230
64431587
85144467
476863787
310379426
549482928
554199171
610270628
304059199
733796967
304717506
55584559
795245629
319841952
553616134
32639496
107201362
327380351
220170015
273962479
71420543
573812423
124833979
717902905
275781258
128463693
680731809
394846572
693844430
430444196
348611667
640147234
544667359
776509519
435883521
215056155
113021189
736106090
521368378
70508714
25122694
492593365
770057461
151299686
140104978
547547762
170041879
228902474
191381295
733190757
173609516
74970884
136988643
648063843
486664792
281378285
707540699
585852490
180972573
663842372
341329967
738857799
567515012
444081882
414245995
679331090
698083399
540142814
615697852
190783086
797675895
577198384
106569603
384399515
204751231
457500194
624387709
238617436
667421163
193909879
566028202
701887417
692677044
661062256
574498203
263837367
655808011
280012407
773901697
151920278
683133577
645083330
536357547
715528046
223027472
261040199
561439711
458316571
161873190
563688737
61731015
48523311
114608737
440665460
213365556
344208719
660325242
382732477
63784849
180304308
9682682
350863570
531338581
78134388
216597264
533339072
168764349
188086882
581439184
766824480
450760683
450120771
723163084
230266881
670280154
336097410
329064200
409192347
568824127
277741732
548205134
609059517
509013588
648926297
69233498
649563341
244566054
255775204
447170705
43149468
730017438
171786706
416178294
525635362
425872671
569526250
836280338
366828821
806932459
47933144
345726155
139490687
781002610
389639511
808274273
219539672
89833492
271997699
766068507
41309025
442238524
150699727
355865450
586727299
831285450
212505964
494974693
62961569
666018038
395874933
195342995
619468254
681823618
67178566
376610479
90401772
484750126
714198168
576603468
49208532
207658800
179010298
309569994
455761655
133002076
472801930
727331212
237770571
821043830
164352600
737392007
470194136
629454625
123567822
566932380
830319563
461555394
474412323
183129393
99521514
601570435
369514112
176580508
713552676
709917695
344861507
83081212
250481633
284363470
81252495
263164582
678279412
29702358
655180559
257110533
96761082
500781609
546193314
442836477
487523136
638968284
79444156
699385073
7733896
177920659
272677922
449377351
200515388
379076849
191986735
768699222
14304690
166838548
677696062
202446263
58912573
218130412
52548367
46297881
676362606
232874000
627297536
789830368
428048645
403237242
822506916
383384161
234162753
512458079
120343791
788243293
839812404
21561422
337762652
616896324
237167746
480882607
312543506
491781325
134213673
51374090
807596591
179703429
321847121
827645399
662779571
187467095
245948377
445567604
563083608
683804909
233556301
279349136
373836690
248197838
821662207
157195737
841863759
710601530
685519754
498587454
169418470
245209802
742439996
700644942
803554262
732286797
142114107
343468391
410643431
540733864
604872730
744596495
544060459
311905797
267600579
17192972
824756389
781624939
50794744
358682119
391918217
249771801
315341043
37185021
513048501
690039535
725274315
642856570
397096250
377366189
318563255
452958790
115352961
470873626
800192738
92095224
265843667
761898106
812690067
592266199
259134905
36442267
82483122
827064178
194545257
838945196
86120807
722424872
432661948
185083969
758724186
435190261
393450974
703505832
433929254
251084077
324469987
767687581
784310056
833362311
618882045
524115678
587357636
339137885
578722655
282264160
507074609
426716699
542551124
65694712
354931814
548823330
437280356
163765148
546957301
486076553
582098271
174876637
753228430
729429719
81905240
102453160
602885176
728850500
829398639
740184672
814605598
306706885
783725084
778921956
468197056
505722127
765425942
283501497
66483432
493262999
446150840
428917688
145533968
293246311
247238777
431208824
557940861
433359878
673936732
4462668
696247618
654593780
741743743
602791
5728770
721773287
746979719
135247700
296727033
331866259
759575231
651609467
628642182
152784769
122821698
277122468
143519534
372621063
794493950
97345952
517233005
614495037
159677405
342805594
535612407
747955970
226040305
462270186
117865312
475136076
743039087
65018897
13515932
19754695
698765730
471457080
77498788
530665039
789242364
477640299
552855652
522278835
607096008
726735089
98027224
149020761
741168104
76172826
234890003
45056167
266438985
185768341
420364647
674627878
373230908
692038949
361571051
317357642
500023400
447829734
404820218
319221612
481469520
701226051
378213022
760221818
590306736
371329850
296145237
719116638
724000759
429541073
119164615
42544652
620131103
73022885
756117181
218890872
501353181
6912019
375087618
201159243
659549129
816960884
630111049
217307783
24455737
462905153
599721914
704378432
413608873
820422096
160480706
196038674
686204025
415275876
728196306
3315272
416891978
211277583
600378789
385703181
689271492
749835407
738239750
532663623
300538152
352193541
154677366
408430261
253472033
825936359
620736624
113978802
129709462
813896238
87216630
524698110
130786628
242058599
98843080
138783047
650214526
199667777
617662297
338538949
403853838
184472936
746338863
468853137
562101598
479235843
836868466
514737619
351448895
575893528
473395471
342025267
584617739
105721861
621947941
299100425
605445668
196772980
643480063
612335478
147672897
95448189
239203568
243287037
495841074
396520546
228328579
264611230
828827420
274593709
588825435
777101667
93533221
653144919
460269634
402614651
595248935
551416260
227720777
156619025
453588381
671964239
332668380
148350560
785597118
783138492
572438655
370561968
694417273
573014739
787585946
120951115
254659029
810512346
74323916
91113676
444749458
756736952
289560703
47146476
752529285
797085131
811277481
669509269
275166466
72112788
460970036
167539822
124222220
658790503
14992482
817580883
203977868
367399010
790567337
504398048
751096758
631919807
241211659
59661164
386277289
335360631
138110011
554907077
15705541
101725234
170723061
189267770
622998754
594233137
693258935
1213798
213958744
526288624
690744912
730683844
73688623
35642715
349245402
664493619
537348506
526973584
407599564
545331083
761097458
118445210
84324077
111809019
695656098
141128188
177184243
155457020
397681291
380846811
112433544
538846860
565319789
456358709
132395196
832553567
26128780
96112310
360102365
459691989
390690006
465479370
325794141
379707101
201869322
811845841
206774500
716355963
291084533
635041174
100193888
798246916
480252641
251822000
11539436
464866899
100929565
136412419
516549614
459062954
224716771
368072155
26769698
837611642
603491651
483443464
482099341
725873656
834606755
791181901
436580600
285953769
80425976
564636391
205367926
267018911
280703612
748926057
339790244
840478804
658092168
302770602
240457341
35063672
489680633
246623750
127201817
509595285
808951393
534022449
189918330
623691080
3893673
5098049
719867860
262305178
313377175
611707781
630685872
60279129
488200754
454412049
418818763
539473239
298136265
323144915
786958098
229516598
271358706
596121814
679961721
121568734
330347360
411358028
579962545
751853349
261639107
43864815
757476405
608434526
424371892
2691
278631569
763410447
75592166
734483543
653931317
645684466
181543436
627929445
269360262
164947794
325178779
593515467
192627415
92834459
552177503
735443187
421679021
371904743
54083751
197361187
116862686
56965133
147052844
333318252
129112425
243879469
329758015
466056651
29011574
320599472
506432629
780402194
550055389
640733427
206142248
198780788
644222029
307964268
515977933
249139885
388471850
293893447
597649538
772722810
225388840
105143138
666687408
519851287
793376863
297487588
806245985
802561909
387015310
464138273
831888339
600996198
359315833
242632114
637908506
712090346
709162422
528320917
392765732
314549209
439126070
157957726
522940164
257837913
754792285
333892844
717194787
782488535
711453379
668173940
34419703
354298262
285255599
174207314
142685169
736748618
800764706
672605408
708521607
706784511
400523396
695063769
103545667
518061114
478208323
609687067
604231398
537985226
295533071
387699619
448757472
745392085
804254618
334685168
330936208
375819568
503585101
417953042
792543693
401109717
61049052
813293399
770674340
380277461
818175113
322498638
591485695
497063759
764755704
40698501
399129412
791883743
687819107
691390069
764139319
223672590
381776987
616272182
637042131
83674264
412781209
211904210
823167433
94824753
231581399
507710679
268382838
427408615
636248619
590901052
423613627
363586872
550650512
484041342
133597023
301608725
472156956
720841583
771344400
825350676
356636324
18801164
62386713
583772123
819827624
352893322
606229623
27480115
652496616
149834088
570946722
724608008
443466732
621344466
762518727
835205718
346655272
239783369
668852929
633543082
39942274
824163264
67899689
215979728
88142425
688607068
434506872
360746899
712904290
323772124
2442829
269952467
220770413
488982036
642053335
731498374
292640384
743641703
420956590
650795054
607844929
543143928
210555334
17994890
632777046
41961139
186627629
175864841
405823597
252444001
772080909
258428545
326401853
33776619
490599028
125552465
575133236
515315582
198117307
833946419
394052703
389048826
22550041
422312638
