63 104
5 12
30 34
27 46
34 57
32 48
36 42
41 60
10 41
22 24
3 4
43 50
8 56
10 20
26 33
13 57
2 29
32 41
8 12
27 43
23 44
31 51
25 45
3 15
9 31
5 48
19 32
16 50
7 33
12 46
39 46
18 46
19 48
8 25
11 40
3 29
12 36
1 39
35 42
28 33
8 29
10 12
16 25
10 42
36 57
15 49
20 52
18 34
22 61
30 44
18 41
47 56
18 32
32 59
47 50
34 39
19 26
4 42
41 45
22 26
13 16
8 35
5 7
10 23
42 56
11 45
12 33
8 39
15 22
5 18
38 59
21 28
22 33
11 12
7 36
14 37
32 34
2 5
9 62
25 47
30 32
13 21
19 63
1 54
21 58
21 35
24 49
29 40
9 24
48 55
30 31
16 37
8 13
53 58
12 39
5 45
13 35
20 54
20 21
37 47
12 63
15 45
20 63
14 17
22 32
