90 4005
16 90
41 81
44 75
27 75
19 57
4 63
4 41
64 71
31 60
50 66
54 76
2 86
13 86
18 35
13 49
1 19
49 55
3 22
28 64
24 71
6 31
68 84
50 84
29 54
32 34
32 81
46 64
35 89
26 88
20 82
38 62
5 73
19 78
14 47
17 53
2 76
49 89
20 24
1 13
45 63
1 25
47 56
60 82
16 52
28 57
8 43
16 62
1 30
60 66
19 25
39 48
42 82
41 51
56 60
49 72
47 78
34 84
4 80
3 9
85 87
31 69
16 86
15 82
5 25
1 90
82 86
44 69
71 81
3 49
46 57
12 86
22 37
52 61
70 87
12 45
2 11
21 52
18 78
5 61
39 62
37 66
21 48
24 73
13 30
54 64
38 54
26 27
45 85
14 62
64 85
14 23
14 75
72 84
85 89
13 29
52 57
23 47
7 46
47 69
24 37
17 18
34 63
10 16
78 81
14 44
18 79
17 71
1 74
7 77
17 22
5 39
63 79
7 88
38 76
42 87
4 87
65 86
4 58
21 81
24 60
13 81
39 61
4 70
6 9
35 44
1 27
22 89
55 83
14 30
36 58
63 85
38 85
14 87
25 80
35 61
28 56
61 75
8 72
44 62
46 86
3 43
22 35
22 28
37 71
22 56
34 57
24 44
21 49
32 77
1 58
37 60
16 40
16 19
14 26
12 90
76 85
5 27
47 58
1 11
35 90
37 72
81 83
36 63
37 75
2 49
39 66
34 56
40 43
57 90
7 10
34 79
12 70
27 67
6 13
7 41
13 45
37 41
51 69
6 45
12 74
34 37
9 13
20 65
11 27
6 25
22 79
11 69
49 60
43 62
53 70
27 29
16 18
23 88
10 35
20 73
15 39
12 16
11 85
7 23
22 46
71 84
29 36
48 79
54 67
28 75
16 83
12 73
31 82
70 75
9 37
31 77
35 84
59 80
15 44
44 52
62 86
22 65
49 61
11 49
41 85
29 79
16 68
61 77
5 72
1 12
19 89
23 65
24 35
61 73
7 83
16 22
17 42
64 87
11 22
1 29
24 36
52 55
30 68
11 30
29 43
56 63
36 41
55 88
50 53
60 87
72 83
66 83
35 45
21 89
4 16
62 77
34 48
3 54
51 67
20 28
35 79
25 59
39 75
34 80
29 56
65 79
52 56
5 84
27 74
3 57
14 15
13 87
26 42
20 88
22 84
53 86
13 36
22 75
25 58
2 33
30 79
72 87
22 62
87 88
68 69
4 21
24 84
3 69
6 69
55 80
51 81
5 13
43 55
32 71
15 78
84 90
5 18
39 76
19 74
20 84
34 35
69 86
48 83
56 72
38 56
6 80
42 66
38 53
3 5
3 71
31 41
53 54
4 62
1 5
14 35
2 23
35 70
67 78
34 53
1 56
7 61
75 78
44 54
19 64
35 69
63 81
59 89
49 69
78 80
47 87
15 52
31 64
2 56
20 55
2 34
65 73
55 62
15 74
27 66
40 88
26 73
66 84
28 46
43 80
5 19
11 58
46 80
51 52
28 78
8 17
54 71
5 38
10 37
28 84
16 38
20 71
77 81
35 50
9 24
52 70
48 55
18 76
2 64
45 77
31 53
23 37
26 29
14 84
38 66
31 56
88 89
59 81
74 82
47 51
29 80
42 55
12 88
65 70
73 87
10 85
37 38
44 84
18 49
18 74
8 79
34 87
39 69
30 51
76 88
48 78
9 14
20 27
75 83
17 90
27 49
38 49
59 88
15 36
13 51
41 64
49 82
13 65
1 70
5 22
48 60
7 87
48 65
23 66
1 48
47 84
24 41
22 50
27 35
3 61
23 29
34 85
51 74
57 82
1 14
67 83
10 82
74 83
24 57
13 54
17 74
9 85
27 57
26 82
75 79
67 77
41 66
18 43
17 79
16 43
2 18
17 19
8 77
63 80
53 61
52 80
26 67
59 65
40 52
26 36
70 79
37 70
25 73
2 68
2 69
17 24
7 13
33 65
25 69
28 90
5 83
9 84
58 84
24 74
23 80
10 80
10 32
39 86
18 22
36 56
3 73
20 37
19 31
47 80
9 67
27 82
9 47
13 34
59 85
34 64
57 65
14 90
21 47
28 77
24 90
50 70
54 89
12 27
19 45
25 39
60 81
8 47
12 19
3 33
2 36
6 40
56 57
17 84
28 80
67 69
2 15
27 52
39 63
12 79
10 90
25 61
13 78
15 69
13 42
28 44
48 77
17 52
24 82
44 83
10 86
5 20
21 36
36 54
13 21
5 9
4 75
45 68
30 64
3 18
38 63
33 75
70 85
49 73
85 86
13 41
45 80
19 63
52 60
41 71
60 83
50 83
40 46
31 63
27 41
42 88
2 8
8 20
37 82
25 34
33 64
6 37
20 25
50 56
23 81
9 70
40 82
41 44
40 85
27 65
63 82
84 85
21 31
48 75
45 61
1 68
14 27
12 82
37 59
71 78
33 34
38 45
62 78
36 40
40 72
74 88
32 48
7 55
27 34
33 43
7 25
5 64
8 51
53 69
48 57
61 84
2 20
71 89
11 26
48 73
16 32
56 67
18 33
33 60
51 77
10 81
3 70
19 37
26 65
45 73
63 73
20 74
25 57
31 72
24 67
22 74
38 58
28 43
8 48
52 75
5 80
25 41
3 13
9 83
15 17
15 41
21 68
78 87
64 65
10 23
9 46
3 37
13 63
32 60
11 70
27 28
16 48
13 80
20 34
56 81
5 32
11 79
2 73
22 73
31 68
4 82
37 63
23 70
52 81
8 55
65 76
14 39
4 43
59 84
33 37
6 30
40 45
13 33
15 48
32 58
23 27
12 46
20 62
71 79
3 38
45 75
51 87
70 89
15 26
5 52
18 51
6 70
34 76
29 34
35 59
9 68
35 57
75 84
18 71
4 37
37 61
75 86
39 71
60 64
29 64
60 68
17 73
38 78
3 77
28 89
15 16
15 71
10 88
11 63
54 90
9 90
26 40
74 75
54 55
1 82
38 64
3 46
9 65
36 38
34 46
62 63
42 50
62 80
25 48
3 21
26 54
16 53
28 83
3 34
72 73
57 60
15 23
16 61
73 86
42 77
13 85
57 70
10 55
34 69
50 87
33 52
37 78
68 90
14 67
50 76
48 49
2 43
23 84
50 69
43 82
7 12
12 29
20 47
11 17
54 60
3 27
21 53
80 86
27 78
2 59
40 62
23 61
24 66
16 87
30 65
13 77
60 86
57 84
8 24
58 88
2 16
1 81
86 88
47 71
8 41
4 34
69 75
61 68
2 74
23 72
72 75
78 86
29 48
64 86
52 66
15 30
12 26
40 90
5 17
8 73
21 84
2 66
27 30
78 85
57 62
7 81
22 86
16 64
19 83
14 19
32 53
53 67
53 72
25 62
44 64
67 85
37 48
23 52
23 39
11 60
4 30
37 55
20 78
10 36
82 83
44 87
12 81
41 76
10 63
55 90
15 60
16 66
42 86
26 43
46 75
3 41
36 44
24 55
55 85
47 60
14 43
11 34
6 43
5 57
24 72
77 80
57 69
30 88
41 42
63 75
17 57
73 80
32 68
18 36
10 57
11 12
3 87
6 47
11 15
1 88
5 77
11 14
8 28
34 38
27 81
56 88
27 84
15 25
61 74
3 89
41 54
62 70
7 33
19 28
9 39
7 78
56 77
16 37
26 75
32 47
44 70
54 72
44 61
7 67
11 36
1 65
52 88
7 90
6 36
35 48
43 67
10 66
67 81
20 72
36 45
19 86
33 35
24 83
77 79
42 84
46 78
5 50
9 48
1 32
2 72
43 49
13 68
59 62
14 66
55 70
75 82
30 49
23 57
20 64
8 45
40 80
51 63
18 44
39 54
4 13
48 68
1 6
19 30
59 63
37 73
45 70
41 58
2 82
12 77
45 52
2 27
51 88
39 46
10 77
23 48
39 77
8 11
24 33
21 40
44 68
23 71
24 43
11 87
21 56
53 84
3 4
37 58
45 89
45 59
7 15
37 85
2 58
43 61
40 73
57 67
2 46
1 72
22 70
49 86
16 71
12 53
1 39
13 31
26 60
10 15
34 44
23 24
2 9
42 49
1 15
72 90
4 36
19 62
38 73
44 56
4 12
67 89
64 75
34 67
36 68
9 89
7 80
45 76
25 56
73 81
37 67
82 85
66 76
69 85
42 69
9 10
56 61
1 35
41 87
60 72
5 31
24 28
11 44
64 88
20 46
39 90
46 69
37 57
9 54
51 64
10 33
42 44
1 4
11 28
59 68
24 26
52 53
32 67
27 54
29 83
41 86
21 25
31 87
38 67
31 74
69 87
65 88
27 79
12 35
42 80
37 74
19 84
89 90
3 40
67 75
20 39
62 88
60 65
37 86
5 37
13 82
24 69
47 85
39 88
8 14
31 43
20 31
76 86
15 53
35 83
24 68
33 36
18 56
10 38
50 68
37 80
16 74
36 37
33 58
31 67
35 75
37 68
33 86
27 55
19 39
28 40
51 76
17 61
42 53
5 21
19 77
40 77
2 51
32 33
57 64
22 51
27 71
16 85
61 76
40 54
36 82
55 71
14 56
24 77
14 79
39 64
78 88
5 16
40 70
22 83
58 89
58 86
27 90
6 52
25 65
7 26
43 69
16 49
41 78
2 29
71 87
22 25
53 74
19 61
7 82
11 29
14 37
65 87
50 86
15 68
12 14
7 38
4 67
65 66
32 55
20 22
74 84
66 71
15 49
28 34
15 83
10 56
24 47
10 71
14 64
18 63
26 53
37 53
44 59
45 49
3 15
58 66
18 73
30 72
15 38
53 79
24 49
14 63
25 86
23 86
40 89
13 60
38 44
1 67
79 80
32 46
35 72
61 80
57 86
5 87
12 76
12 47
26 58
14 61
76 79
59 87
10 84
53 63
68 74
10 60
83 86
69 78
10 58
43 63
13 67
15 77
3 78
18 82
13 24
10 65
71 82
12 17
55 69
17 60
28 55
5 89
5 29
5 54
26 39
1 26
69 76
38 90
79 86
4 90
29 51
4 54
19 46
24 76
18 19
62 72
46 79
14 86
56 64
83 84
38 75
41 69
25 66
16 41
18 61
6 54
59 71
65 68
2 87
6 63
80 85
42 76
21 59
11 66
10 70
22 38
27 88
7 17
26 41
24 58
35 49
8 49
32 61
15 85
27 62
31 90
35 73
8 78
64 90
15 76
9 60
23 43
21 67
12 62
39 47
11 84
19 27
15 18
33 51
37 88
26 37
39 72
34 40
58 65
21 70
71 75
30 70
9 12
15 54
21 57
37 64
19 51
71 83
11 31
25 45
16 44
82 90
32 45
12 89
19 55
7 52
14 81
45 55
6 10
74 81
48 61
55 56
42 43
74 80
86 89
30 62
38 72
37 46
20 42
73 88
63 71
5 70
14 72
68 80
13 17
58 63
32 74
57 59
19 43
22 82
28 42
59 69
74 86
84 87
58 76
9 81
68 87
34 74
46 61
33 80
26 72
56 79
24 61
7 14
20 79
22 30
20 50
40 81
46 48
4 27
34 59
45 47
13 66
37 87
30 76
7 50
3 85
34 55
47 89
41 53
2 3
4 8
39 73
6 34
23 33
18 89
31 44
3 7
30 75
37 50
61 69
1 33
45 60
58 68
12 33
49 88
26 56
40 56
64 74
35 67
33 66
55 59
40 68
24 80
32 35
8 27
79 84
22 68
84 88
63 65
9 28
27 45
14 25
77 83
9 22
18 69
11 75
10 29
34 77
10 48
2 71
33 74
11 56
4 71
28 62
2 26
20 76
54 88
67 79
21 38
30 61
4 60
26 57
65 67
33 88
28 58
28 76
23 42
59 61
45 58
24 31
16 33
5 24
14 29
21 50
45 86
22 27
60 85
27 38
51 60
37 42
10 68
64 69
8 63
31 89
37 51
26 32
58 75
41 63
3 6
38 82
77 78
19 69
53 64
6 17
18 25
15 34
23 64
19 49
29 47
42 48
62 82
9 36
2 90
5 60
36 61
7 37
39 68
29 62
20 58
19 66
16 20
20 60
15 67
9 77
60 78
23 75
38 59
8 82
61 81
14 82
52 69
55 78
4 52
57 68
29 40
12 83
71 72
22 32
46 87
30 80
49 84
58 67
45 79
60 88
52 90
15 33
3 28
26 84
58 78
7 59
43 81
68 75
24 63
48 63
47 70
38 84
23 79
14 53
5 36
8 35
13 35
47 66
41 56
1 31
2 85
55 75
51 58
3 82
11 64
63 67
8 75
59 78
9 57
29 73
5 56
20 30
36 86
4 20
61 90
10 72
12 57
25 54
33 90
68 78
71 77
22 47
3 35
79 81
54 69
4 39
2 39
49 75
28 86
2 22
70 74
75 80
3 39
1 63
31 40
16 46
53 77
20 21
49 54
7 56
85 88
66 69
19 33
52 77
27 33
28 65
14 65
29 57
9 75
11 48
78 84
29 65
27 50
19 20
10 47
5 67
50 54
25 72
18 50
33 71
20 63
86 87
26 31
29 78
73 84
53 88
45 50
24 48
49 56
13 56
75 89
69 80
28 85
30 33
54 79
25 76
56 78
34 78
19 29
39 53
16 42
80 87
12 48
38 71
43 79
32 63
49 57
76 77
68 77
19 21
31 36
54 57
12 21
22 34
26 70
4 57
6 23
1 18
48 72
44 67
11 83
50 52
58 59
47 63
21 54
70 78
7 79
24 70
40 69
34 42
1 78
19 34
46 54
16 56
22 81
5 63
50 90
63 76
12 25
19 36
40 78
18 88
3 45
1 42
1 45
14 52
6 58
52 89
11 88
34 39
14 40
16 57
27 83
41 46
4 42
7 71
52 54
30 63
48 82
19 80
58 81
65 82
38 80
28 74
5 6
35 58
83 87
3 10
3 48
9 11
18 20
38 43
43 56
40 42
18 80
61 67
52 85
78 79
49 90
2 81
14 17
14 88
59 83
14 34
30 67
4 83
8 15
7 19
56 89
5 51
13 23
32 83
35 71
9 62
37 89
24 89
43 68
20 68
30 53
17 40
51 83
2 13
25 81
53 55
36 87
62 67
38 55
53 68
29 84
14 76
55 65
53 76
41 50
28 41
15 19
46 85
17 29
28 63
20 41
13 43
12 63
19 87
31 48
26 61
70 86
8 80
42 74
40 59
32 40
1 59
54 56
38 81
47 83
43 64
2 48
70 90
33 77
30 82
19 70
42 73
48 80
76 82
59 82
31 58
19 68
35 39
24 34
7 28
15 63
77 89
18 37
9 55
55 63
17 27
65 90
40 76
49 65
40 71
34 65
10 26
3 53
10 27
24 86
4 73
21 73
39 51
14 16
12 68
41 68
69 73
17 81
44 46
9 59
33 61
32 44
6 8
22 42
27 58
27 42
55 74
47 48
16 76
77 90
21 22
13 88
5 28
7 8
51 73
65 77
69 83
50 79
23 83
42 51
49 76
33 78
52 72
25 33
40 83
69 72
33 47
81 87
22 67
46 56
11 32
37 52
46 70
18 75
5 62
4 79
31 71
12 64
11 39
19 47
28 48
31 75
2 19
5 88
29 76
64 89
49 62
14 60
2 5
47 86
16 23
73 83
10 53
38 51
53 56
35 66
11 55
77 86
8 9
59 72
32 89
64 72
6 39
1 52
46 67
17 34
54 84
39 43
65 81
9 41
32 57
44 47
61 62
16 29
69 74
81 86
29 50
30 74
68 88
4 89
10 12
10 76
5 8
30 59
5 30
28 31
8 61
12 44
12 32
51 66
7 21
21 80
53 73
5 33
1 10
14 31
43 52
22 39
22 36
46 84
63 83
11 25
2 41
55 67
43 87
67 82
22 55
72 77
57 61
11 23
17 63
2 4
26 35
24 87
21 34
11 51
46 74
7 20
79 85
47 49
62 73
52 87
58 62
47 59
7 11
25 79
4 9
63 78
23 34
11 53
9 73
47 81
1 54
4 53
11 45
12 72
60 89
12 67
43 85
67 84
15 46
12 18
4 22
45 88
50 72
35 37
35 81
8 57
14 18
17 41
46 73
31 35
56 82
36 55
50 80
22 76
19 42
25 82
6 59
14 22
42 47
3 62
76 84
10 73
40 41
15 29
51 89
66 88
53 59
28 52
11 86
58 80
1 84
12 20
4 23
10 64
30 78
53 57
44 60
9 40
50 62
22 61
22 66
65 75
12 24
46 51
23 30
32 75
30 57
42 61
10 20
6 76
24 88
24 81
1 80
34 50
26 50
78 89
3 86
48 50
79 88
1 69
56 58
34 71
34 58
23 49
81 82
34 52
30 83
18 64
21 61
72 86
52 62
47 76
36 85
19 23
72 79
58 77
23 51
3 14
31 79
50 82
6 19
40 84
29 71
43 88
41 79
6 89
28 30
2 67
71 85
1 57
34 70
4 7
18 52
18 46
18 57
55 68
20 48
60 62
63 89
55 66
76 87
38 57
25 46
66 75
17 32
35 41
6 14
25 67
11 18
24 50
23 77
29 82
65 74
31 62
17 67
36 69
2 57
29 70
12 15
8 62
41 72
61 72
6 68
6 83
49 50
27 61
9 34
56 84
1 66
43 60
32 51
47 67
74 76
35 40
42 64
48 87
68 79
45 90
8 31
3 88
42 62
10 49
58 87
18 67
7 51
30 48
13 25
1 64
77 82
73 76
46 77
55 89
15 57
13 37
19 24
39 60
59 70
63 64
26 62
9 35
52 86
4 5
68 73
31 38
21 39
47 68
25 38
6 50
71 90
39 45
1 37
47 53
25 68
31 65
21 74
44 66
28 68
27 89
69 70
28 81
66 72
35 78
77 87
19 88
2 44
44 85
44 51
29 69
17 23
5 68
33 53
15 75
6 49
1 77
10 40
39 80
36 64
18 90
15 89
36 89
26 38
44 45
24 42
23 90
1 2
8 10
29 60
33 62
15 70
30 47
3 47
38 77
27 76
20 23
5 69
19 58
23 32
36 48
66 90
28 59
29 85
44 76
36 60
24 25
4 66
6 79
20 49
74 89
10 74
7 74
1 28
36 78
53 87
4 46
67 90
45 57
38 61
20 43
9 49
42 67
42 52
6 56
35 74
11 65
2 6
25 84
15 20
23 60
13 53
54 78
21 85
3 24
8 16
25 63
17 59
1 36
47 82
26 45
31 57
5 66
37 62
48 52
54 70
64 66
10 69
8 70
4 25
11 21
19 73
54 74
21 72
15 40
56 70
18 85
20 29
60 77
28 69
18 62
18 34
11 47
38 87
58 83
5 41
21 46
10 28
73 82
35 63
2 53
37 83
70 76
57 63
18 87
18 60
8 42
65 89
16 78
46 47
26 47
27 64
4 31
15 28
38 69
13 73
23 28
20 57
6 74
16 25
33 46
5 42
57 79
51 80
11 50
4 47
32 50
71 74
23 76
44 58
26 68
17 66
6 44
72 78
3 42
2 60
31 85
56 90
52 83
10 13
25 74
43 84
13 40
23 40
81 90
45 72
15 50
43 53
41 89
2 77
22 58
56 73
43 57
8 83
47 65
16 36
32 54
51 90
17 69
20 59
4 74
15 59
19 82
43 83
2 30
36 80
2 78
38 42
38 88
11 72
26 71
48 90
29 35
31 54
9 20
23 85
61 88
45 84
59 73
50 89
41 48
57 89
27 44
57 71
32 70
82 84
9 17
42 78
4 85
50 71
18 70
7 29
3 76
41 57
8 29
31 76
67 70
64 79
29 39
25 90
24 79
1 43
60 74
37 76
13 64
3 65
55 57
61 66
1 38
47 50
31 55
40 63
16 67
25 43
68 83
1 44
4 78
66 89
41 80
13 72
14 51
69 77
8 22
62 84
82 89
21 77
5 23
67 86
41 67
11 62
16 65
52 76
9 74
4 10
47 72
18 30
10 89
55 58
35 87
8 68
46 52
64 68
13 57
27 46
6 16
26 59
9 66
69 90
46 83
6 61
43 70
35 77
31 47
27 32
48 62
72 89
39 40
32 56
42 68
40 55
21 27
31 49
10 42
25 27
42 90
31 45
23 50
4 64
9 82
3 52
65 69
6 77
25 31
39 57
36 88
50 85
77 85
8 84
46 49
27 60
28 33
30 90
5 34
42 63
22 60
29 55
49 83
16 50
3 29
32 43
30 77
17 28
33 44
1 73
39 65
53 75
58 79
67 71
49 70
8 88
55 60
3 81
33 38
38 41
33 87
44 48
43 50
16 24
8 32
17 51
73 89
37 49
38 47
4 72
15 45
11 37
19 59
6 87
35 51
19 72
21 82
11 74
4 61
64 81
2 31
32 66
31 32
26 63
74 77
31 42
62 87
36 73
28 51
13 48
32 41
26 49
7 35
26 46
43 73
24 54
56 75
27 31
6 51
59 90
19 22
6 22
18 26
7 75
50 77
21 87
5 43
39 89
56 59
24 85
6 67
2 21
18 48
12 50
50 61
39 52
7 76
8 38
7 65
23 53
40 86
11 19
4 68
32 62
6 75
11 38
63 69
57 58
25 75
14 80
5 59
20 44
66 70
75 77
2 17
43 47
30 42
23 26
39 84
26 55
17 39
53 80
52 68
1 46
8 33
2 50
29 33
35 60
78 82
17 50
30 86
11 61
18 59
64 80
56 80
73 90
62 83
36 72
30 35
76 83
46 50
30 66
32 88
20 87
11 33
62 79
40 50
18 68
2 24
81 84
7 62
34 66
41 61
3 30
2 83
2 42
1 60
44 72
41 65
8 36
62 81
2 79
14 32
34 81
6 53
10 87
33 59
34 36
36 52
14 83
64 83
2 61
48 86
1 20
15 66
35 82
65 71
55 76
30 37
53 82
22 64
30 44
64 67
12 58
36 75
32 42
20 56
17 48
25 83
11 89
17 36
72 85
24 65
21 51
17 80
14 58
8 46
62 71
15 43
6 66
22 85
11 35
6 86
7 34
22 31
20 26
49 85
70 72
33 63
64 73
2 32
21 71
33 42
46 88
3 20
50 78
23 67
8 54
5 79
66 82
35 53
69 79
28 32
18 24
73 85
3 64
25 49
18 77
7 47
44 63
55 73
36 43
6 15
3 31
9 26
15 79
23 25
6 26
39 70
61 64
63 87
3 79
46 72
2 65
7 43
39 83
9 64
77 88
18 86
52 84
37 56
27 39
20 69
51 56
9 86
6 81
75 88
11 41
5 71
49 51
11 20
52 65
12 51
34 73
43 74
65 78
13 70
10 54
9 43
12 37
8 58
23 69
42 65
13 28
21 62
38 79
56 65
36 81
39 82
46 71
7 45
61 83
15 51
6 7
42 58
6 65
54 58
45 71
33 49
29 77
18 42
18 83
31 80
12 40
4 50
1 89
20 36
56 68
45 46
43 78
50 64
17 33
4 35
10 34
45 87
42 85
30 38
27 59
18 38
48 89
31 61
5 49
3 16
30 34
50 73
23 68
9 21
17 85
2 52
35 46
49 67
43 66
11 13
9 31
67 80
20 45
7 58
25 77
9 23
8 56
30 39
14 59
19 85
25 30
77 84
7 49
14 36
10 78
42 83
1 61
24 59
40 58
79 87
61 82
23 73
35 38
25 78
39 59
32 65
40 64
13 18
26 48
22 52
25 64
31 46
17 87
13 74
9 38
3 19
34 47
15 21
23 54
68 82
43 77
22 49
1 9
5 65
23 38
63 86
17 45
58 72
8 53
78 90
44 53
37 43
48 56
51 68
49 87
21 79
10 44
28 49
75 76
54 85
43 59
20 70
17 78
2 84
85 90
24 29
80 83
2 25
44 80
25 47
26 78
19 26
5 40
59 60
49 59
5 58
12 55
49 68
34 68
46 90
23 63
3 72
40 65
13 55
7 68
17 64
47 74
7 24
16 88
21 26
48 74
7 85
53 65
36 67
6 62
71 73
20 75
10 79
19 38
12 28
49 58
41 49
16 82
63 88
41 83
23 89
73 79
66 85
8 67
39 44
47 62
32 72
26 87
29 89
15 84
24 39
14 70
21 23
1 34
21 35
68 76
39 79
20 52
44 82
58 90
57 74
3 36
76 81
14 33
18 29
25 70
15 47
1 53
1 21
70 83
4 28
10 45
22 80
41 59
18 55
19 81
47 64
4 26
68 70
24 75
3 59
19 65
44 77
20 81
27 72
10 67
31 83
25 44
7 66
21 78
26 79
37 47
48 54
13 84
7 40
3 56
13 32
34 51
36 47
19 41
2 62
50 75
34 41
67 72
28 73
37 45
81 88
19 90
9 71
48 71
65 85
5 11
8 89
10 31
40 61
22 59
14 48
41 75
21 33
33 39
12 61
33 84
46 59
7 70
4 69
64 70
15 35
2 45
20 33
25 26
66 74
10 61
5 46
54 86
51 53
32 39
49 80
26 64
14 89
74 85
46 58
12 30
22 69
8 66
14 85
8 37
17 65
79 83
50 74
56 74
58 64
4 14
31 70
39 42
39 85
7 53
45 48
63 84
7 18
53 62
14 45
38 70
17 37
24 32
13 50
15 58
32 85
43 75
19 48
14 54
32 79
30 60
22 54
17 46
34 83
31 51
2 89
50 57
22 48
49 74
59 74
7 31
8 85
45 54
87 89
23 41
55 86
38 50
81 89
2 55
22 72
25 52
57 75
22 40
7 60
17 76
19 79
27 87
48 81
51 75
4 49
18 32
8 25
8 90
70 88
26 51
35 80
52 79
6 20
43 72
13 27
40 60
32 49
24 30
68 71
8 19
6 90
34 61
2 14
14 73
3 25
8 39
10 21
28 38
18 39
18 65
8 87
75 85
12 22
21 65
30 89
31 84
12 59
23 82
27 68
41 55
46 55
35 86
4 76
30 84
29 61
15 86
20 32
51 84
7 57
21 42
23 78
11 80
15 37
7 39
20 35
52 64
17 75
11 59
13 52
16 80
67 87
15 31
20 53
15 65
50 55
2 12
2 75
8 69
57 66
67 88
27 53
3 17
26 86
28 53
59 75
61 85
44 89
70 77
4 15
14 28
48 59
5 78
11 73
44 73
48 67
39 81
23 55
18 41
28 66
20 77
32 76
19 52
44 88
24 45
61 87
13 83
28 39
3 12
43 76
49 79
31 86
30 54
39 67
39 55
15 73
38 68
10 17
50 60
25 88
36 50
33 72
10 25
57 87
33 81
35 54
29 38
5 10
51 79
7 22
49 71
59 66
1 79
33 48
1 62
33 50
17 86
36 39
14 46
20 54
16 73
28 54
42 45
8 65
44 78
1 76
28 72
40 79
14 50
60 67
29 66
18 23
57 88
55 77
18 28
25 28
9 25
28 37
3 83
29 42
32 64
3 66
55 82
62 68
6 71
1 55
4 38
29 68
2 7
18 58
7 54
6 64
46 68
9 72
28 88
32 73
1 16
69 71
17 21
4 11
29 45
5 47
24 40
1 22
23 62
37 79
12 39
35 43
51 62
5 74
43 65
42 54
16 47
38 60
8 59
4 65
64 78
47 79
73 74
64 82
26 34
27 47
6 60
1 8
18 47
35 36
4 59
9 27
45 67
57 78
30 40
45 78
70 80
3 11
52 58
29 87
17 55
21 43
60 63
21 83
26 85
6 84
48 84
3 90
3 55
57 83
15 62
79 90
12 49
70 73
33 56
76 90
42 89
58 73
32 87
62 66
1 49
28 60
4 44
32 84
7 9
18 53
36 53
34 49
32 69
20 40
49 66
44 79
54 83
31 73
59 79
10 43
31 59
41 82
28 61
64 84
32 78
23 31
44 71
5 44
58 74
17 38
15 72
13 39
66 67
16 75
11 67
10 41
41 45
61 78
42 59
20 80
10 52
5 81
17 83
55 81
19 50
14 57
6 29
71 86
43 44
30 81
16 17
50 59
14 24
19 71
26 90
30 71
7 48
83 88
42 56
11 52
6 24
12 80
26 81
43 45
12 60
41 62
78 83
45 51
5 76
18 81
57 72
16 45
32 37
51 82
16 58
6 38
15 24
9 29
11 46
3 63
12 43
36 79
13 16
18 31
28 70
80 89
16 77
41 47
17 88
44 49
51 72
51 59
51 78
36 49
19 54
45 66
63 70
35 52
48 66
51 70
58 71
4 88
69 84
16 79
66 79
25 71
6 55
54 77
29 63
4 6
25 37
33 82
24 53
21 64
31 88
52 78
36 57
27 70
3 75
5 12
18 72
12 65
13 89
54 65
52 71
60 71
30 36
19 60
43 58
70 71
54 81
29 58
17 62
9 63
56 62
47 57
31 34
8 30
48 85
69 81
68 72
11 54
18 21
12 13
47 90
17 26
21 58
38 83
8 26
21 66
39 56
39 50
8 44
6 11
55 84
16 28
60 90
5 35
57 77
2 38
48 58
21 75
29 59
82 88
25 55
16 81
20 85
58 82
56 71
36 66
60 80
3 50
30 46
33 68
49 63
21 60
10 24
4 55
22 78
44 50
2 54
13 62
6 41
40 44
37 54
53 71
52 67
34 89
22 53
22 33
26 83
10 46
50 67
9 88
84 86
9 32
83 89
53 81
17 43
7 69
24 62
14 41
14 21
19 35
28 47
17 31
61 65
9 79
13 14
57 76
54 87
26 30
34 88
35 64
3 32
14 38
74 79
64 76
59 64
5 86
31 52
29 53
10 51
8 13
61 79
40 66
4 24
11 90
36 83
7 89
2 28
14 78
9 51
2 63
82 87
5 75
72 80
3 58
8 21
24 51
6 57
9 76
56 69
38 48
29 90
13 59
22 44
38 39
33 45
12 38
11 16
84 89
22 45
27 48
10 18
20 67
26 69
2 10
41 88
54 63
28 87
27 37
15 32
36 71
75 81
26 74
4 19
27 51
73 78
13 79
37 69
18 40
48 64
33 89
57 80
53 78
16 70
21 69
13 69
63 72
17 70
3 8
36 65
60 73
21 90
13 22
40 57
30 56
14 68
18 84
51 86
12 34
9 44
41 84
4 77
3 68
25 40
31 50
36 77
29 72
61 71
56 87
33 79
18 66
72 82
16 34
4 84
37 65
43 89
28 36
34 72
24 27
52 73
16 55
5 55
44 86
4 18
23 56
61 89
11 68
53 85
41 77
48 53
14 69
67 68
25 32
41 74
51 61
35 68
53 58
20 89
42 81
2 37
4 56
29 49
33 54
4 51
22 71
20 61
2 88
19 32
29 86
76 78
43 46
43 86
46 65
29 74
5 90
61 86
49 81
24 78
58 60
23 45
1 23
7 16
8 74
8 81
58 61
33 70
13 20
65 80
9 45
40 53
33 73
69 88
16 54
30 43
5 85
65 84
39 58
23 46
22 57
39 78
34 62
54 75
35 56
40 87
48 70
56 76
8 60
37 44
3 23
60 69
73 77
45 74
6 48
42 72
35 76
34 82
16 31
37 84
57 73
13 47
76 80
24 56
12 87
41 73
19 56
31 39
25 42
7 64
23 58
53 90
1 3
28 50
68 86
6 72
63 68
28 67
43 90
12 66
69 89
8 76
23 87
30 87
27 40
6 78
26 52
62 64
21 29
49 77
80 82
20 66
54 73
5 82
30 32
44 55
40 51
46 53
51 54
8 50
26 66
28 71
59 76
15 81
11 40
70 84
72 81
50 81
40 75
59 86
4 33
6 42
60 75
34 43
7 36
39 74
15 61
26 28
46 63
49 78
25 50
43 51
11 42
16 89
65 83
39 41
70 82
33 41
62 75
9 58
34 45
18 54
6 28
62 65
60 61
46 66
1 86
25 53
32 59
17 72
41 43
29 81
1 51
10 62
55 79
5 14
1 75
46 60
47 52
1 40
17 56
10 75
63 66
15 64
10 30
1 85
15 42
68 81
16 63
25 87
19 40
17 47
68 89
26 89
28 29
25 85
57 85
65 72
3 84
8 18
56 66
20 51
37 40
8 64
5 48
22 63
26 76
21 32
10 19
48 88
69 82
79 82
31 81
3 67
47 77
13 58
13 75
54 82
30 31
16 69
27 73
1 83
36 74
6 46
36 90
7 44
8 34
25 29
38 40
81 85
9 50
24 64
12 78
56 85
2 80
45 69
27 56
80 88
9 87
7 72
25 51
21 44
21 86
27 86
6 18
12 31
17 25
13 76
14 49
22 26
53 83
7 84
72 74
9 16
30 52
32 82
15 87
6 82
50 65
62 76
66 81
13 44
4 32
16 60
16 84
22 41
12 71
33 76
47 88
7 27
11 43
66 77
66 73
16 51
32 80
6 35
44 57
29 41
23 74
8 12
46 62
37 77
80 81
62 85
16 26
49 52
7 63
15 56
4 29
30 73
4 40
27 63
36 76
11 57
33 57
59 67
72 76
19 75
30 50
33 40
6 12
68 85
11 24
55 61
22 90
32 52
21 41
74 78
17 54
29 46
10 39
13 46
43 71
30 45
11 71
1 7
12 85
23 35
17 35
74 87
9 53
41 60
40 48
52 74
1 41
9 33
37 81
7 86
55 72
13 19
5 15
10 83
42 75
1 47
3 80
15 90
29 75
15 88
35 42
56 83
9 19
5 45
16 21
27 36
8 40
4 86
37 39
42 57
45 56
44 90
9 78
41 90
14 20
45 53
19 76
53 89
54 80
2 47
10 14
74 90
22 29
36 51
29 44
67 74
11 77
76 89
15 22
41 70
33 67
39 49
14 77
28 45
16 39
23 44
54 68
13 71
60 70
7 30
22 23
14 74
11 78
17 77
20 38
62 69
3 26
52 63
58 85
16 35
64 77
47 55
58 70
17 68
6 73
35 85
13 26
27 77
8 52
52 59
9 69
57 81
60 79
49 53
38 65
5 26
63 77
43 48
36 70
54 66
8 23
34 75
44 81
29 52
71 76
7 73
30 41
23 36
35 65
28 82
45 82
51 71
8 86
48 51
16 30
6 32
40 47
5 7
12 56
38 52
67 73
45 64
83 90
63 74
36 84
31 33
19 53
17 82
20 83
24 46
48 69
80 90
27 43
1 71
46 82
23 59
54 59
9 52
3 74
12 75
47 75
45 62
6 33
9 15
4 81
29 37
12 23
43 54
71 88
60 76
66 86
30 55
32 38
21 76
5 53
49 64
80 84
11 81
45 83
10 11
62 89
39 87
66 68
35 47
47 73
18 27
63 90
41 52
66 80
1 24
33 85
30 58
6 21
21 45
60 84
62 90
50 88
33 69
34 60
21 30
6 85
66 87
75 87
53 66
13 38
15 55
37 90
9 30
59 77
12 69
34 86
10 59
35 55
73 75
51 85
67 76
40 67
12 52
14 42
31 37
1 50
29 88
28 35
38 74
24 52
25 35
17 30
45 81
19 67
4 48
4 17
27 85
88 90
12 42
26 44
18 45
14 71
66 78
1 17
46 89
40 74
79 89
27 69
22 77
3 60
51 57
31 66
9 80
15 27
22 43
71 80
50 58
54 61
16 59
9 42
47 61
4 45
26 33
22 87
86 90
29 31
27 80
56 86
33 55
29 67
47 54
61 63
12 84
12 54
42 79
10 50
58 69
20 90
44 74
21 24
17 89
17 49
2 35
29 30
48 76
55 87
21 88
9 61
22 88
25 36
40 49
36 59
42 71
46 81
32 36
34 90
51 65
42 70
32 90
12 41
2 40
28 79
44 65
46 76
25 89
1 87
38 46
42 60
33 83
21 63
50 51
42 46
13 90
9 18
21 55
14 55
26 77
87 90
2 70
3 51
45 65
36 46
6 88
13 61
36 62
8 71
51 55
6 27
15 80
29 32
13 15
19 44
16 72
10 22
54 62
53 60
70 81
25 60
72 88
32 86
17 44
38 86
12 36
17 20
31 78
24 38
52 82
61 70
21 28
11 76
21 37
35 88
83 85
55 64
7 42
16 27
62 74
75 90
38 89
26 80
17 58
11 82
3 44
50 63
36 42
30 85
9 56
20 86
22 24
35 62
30 69
34 54
7 32
