16 120
9 13
4 6
4 7
7 16
6 8
10 15
1 5
4 11
11 14
5 12
3 12
5 11
6 15
2 4
3 5
2 6
1 12
13 14
7 15
7 9
3 14
1 6
4 16
11 12
7 12
4 9
8 16
2 13
3 11
10 13
6 12
1 13
14 16
7 13
9 10
2 9
13 15
2 14
2 8
12 15
3 6
5 13
1 4
1 16
7 8
9 15
11 15
1 11
2 12
2 3
4 10
6 7
8 12
3 4
8 11
8 13
2 16
5 10
4 15
3 9
10 12
6 16
11 16
8 14
10 11
3 8
10 16
3 10
5 7
2 7
5 16
2 15
2 11
15 16
3 13
13 16
1 2
12 13
8 15
1 3
1 8
14 15
7 10
1 15
4 13
4 5
2 10
6 9
3 16
5 8
3 7
5 6
4 12
8 9
9 16
6 13
1 9
5 14
7 14
6 10
9 11
12 14
12 16
4 8
6 14
9 14
3 15
8 10
10 14
5 15
1 10
4 14
9 12
1 7
7 11
5 9
1 14
11 13
2 5
6 11
